33.436387
-111.979180
40
33.437215
-111.960954
40
33.436036
-111.952977
0
33.435555
-111.942051
0
33.435713
-111.926234
40
33.435886
-111.909705
0
33.434155
-111.890954
0
33.430149
-111.977957
0
33.429526
-111.961070
40
33.430876
-111.952370
40
33.429565
-111.940103
40
33.428882
-111.926346
40
33.429169
-111.909135
40
33.429435
-111.891101
40
33.422028
-111.978158
40
33.421944
-111.969635
40
33.421960
-111.961023
40
33.421876
-111.952239
40
33.421952
-111.940051
40
33.422036
-111.926339
40
33.421965
-111.909093
40
33.422153
-111.891222
0
33.414200
-111.978193
0
33.413630
-111.969515
40
33.413173
-111.960855
40
33.414660
-111.952283
40
33.414756
-111.939896
40
33.414875
-111.926320
40
33.414738
-111.909165
40
33.414834
-111.891321
0
33.408978
-111.972435
0
33.407337
-111.960754
40
33.407409
-111.952175
40
33.407429
-111.939887
40
33.407559
-111.926343
40
33.407520
-111.909141
40
33.407525
-111.891256
0
33.393063
-111.967490
0
33.392992
-111.960785
40
33.392905
-111.952023
40
33.392905
-111.939530
40
33.392948
-111.926373
40
33.392922
-111.909215
40
33.392979
-111.891173
0
33.388214
-111.967595
0
33.387204
-111.960903
0
33.385484
-111.952355
0
33.385469
-111.939502
40
33.385635
-111.926461
0
33.385596
-111.909289
0
33.385761
-111.891139
0