33.429435
-111.891101
0
33.437218
-111.960922
0
33.436215
-111.952718
0
33.435682
-111.941897
0
33.435972
-111.926342
0
33.436102
-111.909530
0
33.433765
-111.890971
0
33.429824
-111.977948
0
33.429603
-111.961076
40
33.430967
-111.952433
40
33.429555
-111.939935
40
33.428950
-111.926447
40
33.429134
-111.909059
40
33.429371
-111.891140
40
33.421945
-111.978147
0
33.421865
-111.96093340
40
33.421922
-111.952237
40
33.421965
-111.939935
40
33.422011
-111.926384
40
33.421993
-111.909142
40
33.421942
-111.891251
0
33.421865
-111.96093340
0
33.413127
-111.960916
40
33.414636
-111.952296
40
33.414796
-111.939990
40
33.414691
-111.926269
40
33.414823
-111.909117
40
33.414894
-111.891318
0
33.408728
-111.972501
0
33.407403
-111.960805
40
33.407365
-111.952213
40
33.407527
-111.939874
40
33.407447
-111.926263
40
33.407394
-111.909141
40
33.407435
-111.891238
0
33.392846
-111.967551
0
33.392780
-111.960900
40
33.392914
-111.952014
40
33.392710
-111.939608
40
33.393048
-111.926333
40
33.392913
-111.909124
40
33.392962
-111.891194
40
33.388393
-111.967516
0
33.387617
-111.960960
40
33.385721
-111.952285
40
33.385448
-111.939429
40
33.385604
-111.926398
40
33.385555
-111.909284
40
33.385828
-111.891131
0